00000000000000000000
11111111111111110000
22222222222222220000
22222222222222220000
22222222222222220000
00000000000000000000
00000000000000000000
33333333333333330000
33333333333333330000
44444444444444440000
44444444444444440000
00000000000000000000
00000000000000000000
9000 	#one star
10000 	#two star
11000 	#three star
26 	#limit step
0	#vertical
0	#horizontal
0	#Teffect
0	#chocolate
5	#candy type
2	#mode
1	#initcandy
1	#portal
16 0 4 0 7 1 4 1 7 2 4 2 7 3 4 3 7 4 4 4 7 5 4 5 7 6 4 6 7 7 4 7 7 8 4 8 7 9 4 9 7 10 4 10 7 11 4 11 7 12 4 12 7 13 4 13 7 14 4 14 7 15 4 15 7 16 4 16 7	#location
0	#LastScore
0	#IsUnlock